5 0.6929824561403509 0.36514886164623467 0.04093567251461988 0.040280210157618214
5 0.8713450292397661 0.4001751313485114 0.044444444444444446 0.06129597197898424
5 0.5187134502923977 0.3108581436077058 0.03859649122807018 0.05779334500875657
4 0.6941520467836257 0.3397548161120841 0.047953216374269005 0.024518388791593695
4 0.8614035087719298 0.36427320490367776 0.047953216374269005 0.028021015761821366
4 0.5140350877192983 0.2723292469352014 0.047953216374269005 0.03327495621716287
4 0.4128654970760234 0.3380035026269702 0.04678362573099415 0.03502626970227671
3 0.15029239766081873 0.8327495621716288 0.08304093567251462 0.13485113835376533
3 0.16842105263157894 0.7329246935201401 0.0608187134502924 0.12784588441331
3 0.5274853801169591 0.5796847635726795 0.04912280701754386 0.10157618213660245
3 0.5760233918128655 0.5 0.050292397660818715 0.0542907180385289
3 0.6941520467836257 0.4956217162872154 0.06432748538011696 0.04203152364273205
3 0.7467836257309942 0.4886164623467601 0.033918128654970764 0.0595446584938704
3 0.9239766081871346 0.8029772329246935 0.03742690058479532 0.1628721541155867
1 0.07309941520467836 0.5647985989492119 0.14619883040935672 0.8669001751313485
1 0.23625730994152047 0.6059544658493871 0.20584795321637428 0.7775831873905429
1 0.37953216374269005 0.5936952714535902 0.1298245614035088 0.6654991243432574
1 0.5157894736842106 0.5779334500875657 0.1286549707602339 0.7180385288966725
1 0.6842105263157895 0.5674255691768827 0.13099415204678364 0.5674255691768827
1 0.8754385964912281 0.6392294220665499 0.1695906432748538 0.7215411558669002
1 0.9707602339181287 0.626970227670753 0.058479532163742694 0.6654991243432574