4 0.49750000000000005 0.6062500000000001 0.1366666666666667 0.11750000000000001
4 0.8008333333333334 0.34750000000000003 0.125 0.1125
4 0.5495833333333334 0.30062500000000003 0.11916666666666667 0.11875000000000001
4 0.34750000000000003 0.39875 0.09166666666666667 0.125
5 0.48958333333333337 0.69875 0.0975 0.145
5 0.8 0.4025 0.08333333333333334 0.075
5 0.5370833333333334 0.366875 0.09416666666666668 0.11625
5 0.3579166666666667 0.48 0.04916666666666667 0.07
1 0.19416666666666668 0.52 0.3816666666666667 0.635
1 0.44625000000000004 0.64 0.30083333333333334 0.385
1 0.5158333333333334 0.42562500000000003 0.4066666666666667 0.57625
1 0.8441666666666667 0.41625 0.31 0.5700000000000001