4 0.8093575418994413 0.2515592515592516 0.0824022346368715 0.06652806652806653
4 0.6892458100558659 0.24116424116424118 0.07681564245810056 0.058212058212058215
4 0.5293296089385475 0.2858627858627859 0.0670391061452514 0.056133056133056136
4 0.460195530726257 0.2598752598752599 0.06005586592178771 0.07068607068607069
4 0.3715083798882682 0.26403326403326405 0.07262569832402235 0.062370062370062374
4 0.2611731843575419 0.24844074844074845 0.08100558659217877 0.04365904365904366
5 0.2660614525139665 0.28482328482328484 0.06564245810055866 0.062370062370062374
5 0.3743016759776536 0.31185031185031187 0.0446927374301676 0.058212058212058215
5 0.4581005586592179 0.2869022869022869 0.04748603351955307 0.04573804573804574
5 0.5335195530726257 0.32224532224532226 0.05307262569832402 0.04573804573804574
5 0.6906424581005587 0.2702702702702703 0.06005586592178771 0.0498960498960499
5 0.8128491620111732 0.2785862785862786 0.05307262569832402 0.0498960498960499
5 0.14315642458100558 0.23804573804573806 0.046089385474860335 0.0395010395010395
3 0.2081005586592179 0.7234927234927235 0.0558659217877095 0.15384615384615385
3 0.41201117318435754 0.6704781704781705 0.0670391061452514 0.09771309771309772
3 0.42178770949720673 0.658004158004158 0.0670391061452514 0.07276507276507277
3 0.5879888268156425 0.7058212058212059 0.05865921787709497 0.12681912681912683
3 0.827513966480447 0.7952182952182952 0.0824022346368715 0.1600831600831601
3 0.6487430167597765 0.551975051975052 0.054469273743016765 0.10187110187110188
3 0.6822625698324023 0.4677754677754678 0.11033519553072627 0.08316008316008316
1 0.2185754189944134 0.5738045738045738 0.16061452513966482 0.83991683991684
1 0.348463687150838 0.5862785862785863 0.2164804469273743 0.814968814968815
1 0.45670391061452514 0.33367983367983367 0.11731843575418995 0.32224532224532226
1 0.5572625698324023 0.5935550935550936 0.13687150837988826 0.8004158004158004
1 0.6766759776536313 0.5706860706860707 0.1298882681564246 0.8586278586278586
1 0.8365921787709497 0.5654885654885655 0.2122905027932961 0.8607068607068608