2 0.8243790496760259 0.18306142034548945 0.10016198704103672 0.19433781190019192
2 0.2674136069114471 0.40451055662188096 0.09368250539956804 0.15067178502879078
2 0.34975701943844495 0.30182341650671785 0.05210583153347732 0.13147792706333972
2 0.13525917926565875 0.2550383877159309 0.027537796976241903 0.10220729366602686
2 0.44330453563714906 0.21785028790786948 0.04535637149028078 0.07677543186180422
2 0.5480561555075595 0.2624760076775432 0.0572354211663067 0.08349328214971209
2 0.6110961123110151 0.20585412667946257 0.042926565874730024 0.0710172744721689
5 0.26322894168466526 0.4021113243761996 0.05291576673866091 0.07869481765834932
5 0.8201943844492441 0.1885796545105566 0.058315334773218146 0.09021113243761995
3 0.6625269978401729 0.7164107485604606 0.06857451403887689 0.16026871401151632
3 0.84786717062635 0.6804222648752399 0.0650647948164147 0.12667946257197696
3 0.3662257019438445 0.7759117082533589 0.0791036717062635 0.07005758157389635
3 0.38336933045356375 0.32773512476007677 0.07721382289416848 0.18618042226487524
1 0.7643088552915768 0.508637236084453 0.2651187904967603 0.982725527831094
1 0.2555345572354212 0.6173224568138196 0.2302915766738661 0.758637236084453