5 0.22583333333333336 0.1804733727810651 0.06166666666666667 0.07100591715976332
4 0.225 0.1331360946745562 0.08666666666666667 0.07100591715976332
3 0.36000000000000004 0.4526627218934911 0.07666666666666667 0.10059171597633136
1 0.2 0.5044378698224852 0.32 0.9792899408284024
4 0.4808333333333334 0.17011834319526628 0.06166666666666667 0.0621301775147929
5 0.4841666666666667 0.21597633136094674 0.055 0.07692307692307693
1 0.48000000000000004 0.2781065088757396 0.2 0.41420118343195267
4 0.6458333333333334 0.21893491124260356 0.10833333333333334 0.10650887573964497
5 0.6516666666666667 0.28106508875739644 0.07 0.05917159763313609
3 0.5858333333333333 0.7840236686390533 0.04833333333333334 0.11242603550295857
3 0.8916666666666667 0.7943786982248521 0.06333333333333334 0.1804733727810651
1 0.7383333333333334 0.5088757396449703 0.36333333333333334 0.9763313609467456