5 0.305 0.21666666666666667 0.0425 0.08222222222222222
5 0.41500000000000004 0.6188888888888889 0.0725 0.08222222222222222
5 0.801875 0.5222222222222223 0.03125 0.06222222222222222
3 0.355 0.6433333333333333 0.055 0.08222222222222222
3 0.140625 0.41333333333333333 0.07375 0.07555555555555556
3 0.6793750000000001 0.77 0.058750000000000004 0.1
3 0.7368750000000001 0.6066666666666667 0.06875 0.09777777777777778
4 0.324375 0.1811111111111111 0.04875 0.07777777777777778
4 0.789375 0.46 0.03875 0.057777777777777775
1 0.203125 0.47 0.30625 0.8511111111111112
1 0.816875 0.6566666666666666 0.26375 0.6733333333333333