2 0.7645000000000001 0.43561278863232683 0.116 0.3419182948490231
2 0.3795 0.18339253996447602 0.08600000000000001 0.15541740674955595
2 0.23475000000000001 0.1460923623445826 0.0565 0.09147424511545293
2 0.1465 0.5741563055062168 0.129 0.1341030195381883
5 0.3815 0.20337477797513323 0.05 0.06039076376554174
5 0.23500000000000001 0.1518650088809947 0.04 0.035523978685612786
5 0.15875 0.6119005328596803 0.0895 0.047957371225577264
3 0.638 0.7424511545293073 0.183 0.18117229129662524
3 0.35775 0.5066607460035524 0.0505 0.07726465364120781
3 0.4435 0.4396092362344583 0.05 0.09946714031971582
3 0.2965 0.2699822380106572 0.049 0.06039076376554174
3 0.23600000000000002 0.4240674955595027 0.046 0.06483126110124335
1 0.171 0.650088809946714 0.20800000000000002 0.5523978685612789
1 0.2535 0.3130550621669627 0.135 0.5390763765541741
1 0.387 0.4116341030195382 0.161 0.6509769094138543
1 0.843 0.5324156305506217 0.314 0.7113676731793961