5 0.5411184210526315 0.3112641242937853 0.0549812030075188 0.05614406779661017
5 0.4335056390977443 0.3884180790960452 0.039473684210526314 0.04519774011299435
5 0.27655075187969924 0.3716454802259887 0.037124060150375934 0.039901129943502825
5 0.903782894736842 0.4359110169491525 0.0387687969924812 0.042019774011299436
4 0.431390977443609 0.3520480225988701 0.049342105263157895 0.03672316384180791
4 0.5464050751879699 0.2798375706214689 0.08153195488721804 0.037782485875706213
4 0.8999060150375939 0.4021892655367232 0.049342105263157895 0.05155367231638418
4 0.11959586466165413 0.3260946327683616 0.05921052631578947 0.07097457627118645
3 0.47803101503759393 0.5188912429378532 0.07448308270676691 0.05614406779661017
3 0.48085056390977443 0.5692090395480226 0.042998120300751876 0.0925141242937853
3 0.8885103383458646 0.4519774011299435 0.023731203007518797 0.0826271186440678
3 0.9300986842105262 0.5407838983050848 0.04863721804511278 0.09569209039548023
3 0.2925281954887218 0.6825564971751412 0.05921052631578947 0.1285310734463277
3 0.16224154135338345 0.6643714689265536 0.03218984962406015 0.08792372881355932
1 0.08646616541353383 0.5434322033898306 0.16400375939849623 0.5543785310734464
1 0.22391917293233082 0.6221751412429378 0.1569548872180451 0.6412429378531074
1 0.29370300751879697 0.5526129943502824 0.12406015037593984 0.5769774011299434
1 0.4107142857142857 0.5766242937853108 0.13345864661654133 0.672316384180791
1 0.537828947368421 0.5462570621468926 0.1325187969924812 0.6949152542372882
1 0.762453007518797 0.5884533898305084 0.10479323308270676 0.582274011299435
1 0.8851033834586466 0.6795550847457628 0.17058270676691728 0.6408898305084746