2 0.7217142857142858 0.35591766723842194 0.08342857142857144 0.08747855917667238
2 0.5571428571428572 0.38850771869639794 0.05371428571428572 0.09433962264150943
5 0.136 0.40909090909090906 0.052571428571428575 0.03945111492281304
5 0.228 0.49656946826758147 0.04 0.04288164665523156
5 0.552 0.4099485420240137 0.036571428571428574 0.030874785591766724
3 0.09485714285714286 0.6612349914236707 0.08685714285714287 0.060034305317324184
1 0.12000000000000001 0.5994854202401372 0.13485714285714287 0.6054888507718696
1 0.2245714285714286 0.6706689536878216 0.15200000000000002 0.5728987993138936
1 0.3737142857142857 0.6355060034305318 0.0982857142857143 0.5265866209262435
1 0.452 0.6149228130360206 0.13371428571428573 0.5746140651801029
1 0.5325714285714286 0.614065180102916 0.0822857142857143 0.4734133790737564
1 0.5685714285714286 0.5403087478559176 0.12457142857142858 0.5042881646655232
1 0.6942857142857143 0.620926243567753 0.12228571428571429 0.6174957118353345
1 0.8377142857142857 0.595197255574614 0.1142857142857143 0.6072041166380789
1 0.9142857142857144 0.597770154373928 0.112 0.5643224699828473