2 0.19166666666666668 0.2515873015873016 0.12000000000000001 0.22063492063492063
2 0.4316666666666667 0.21031746031746032 0.12666666666666668 0.22698412698412698
5 0.2025 0.26825396825396824 0.10500000000000001 0.12380952380952381
5 0.4379166666666667 0.22857142857142856 0.09250000000000001 0.10158730158730159
5 0.7616666666666667 0.3484126984126984 0.07166666666666667 0.14444444444444443
5 0.7458333333333333 0.1492063492063492 0.04666666666666667 0.06666666666666667
3 0.6345833333333334 0.6277777777777778 0.07083333333333333 0.26825396825396824
3 0.6833333333333333 0.873015873015873 0.08333333333333334 0.19365079365079366
3 0.9516666666666668 0.7 0.04 0.2761904761904762
3 0.32458333333333333 0.9158730158730158 0.08750000000000001 0.13968253968253969
3 0.05458333333333334 0.9031746031746032 0.07083333333333333 0.19365079365079366
1 0.17208333333333334 0.530952380952381 0.31083333333333335 0.9222222222222223
1 0.45 0.5079365079365079 0.2866666666666667 0.9841269841269841
1 0.82125 0.5238095238095238 0.33083333333333337 0.9492063492063492