2 0.20833333333333334 0.1825 0.1 0.14
2 0.36333333333333334 0.20500000000000002 0.09000000000000001 0.13
2 0.5141666666666667 0.20125 0.085 0.1525
2 0.7591666666666668 0.20875 0.085 0.1675
5 0.3725 0.21875 0.058333333333333334 0.0675
5 0.5216666666666667 0.195 0.05 0.07
5 0.7516666666666667 0.21625 0.04666666666666667 0.0575
5 0.20916666666666667 0.1975 0.05166666666666667 0.07
5 0.14 0.18625 0.05 0.0525
3 0.06916666666666667 0.38375000000000004 0.06833333333333334 0.0825
3 0.29083333333333333 0.5337500000000001 0.09833333333333334 0.1825
3 0.38583333333333336 0.4625 0.09166666666666667 0.145
3 0.5258333333333334 0.35125 0.08833333333333333 0.1625
3 0.6325000000000001 0.4825 0.028333333333333335 0.145
3 0.7566666666666667 0.32375 0.08333333333333334 0.2125
1 0.155 0.51125 0.2566666666666667 0.8975
1 0.36583333333333334 0.505 0.19166666666666668 0.9450000000000001
1 0.5425 0.50625 0.14833333333333334 0.9125
1 0.7400000000000001 0.5325 0.16333333333333333 0.935