5 0.344532279314888 0.22985781990521328 0.043478260869565216 0.04265402843601896
5 0.4505928853754941 0.24407582938388628 0.057971014492753624 0.07109004739336494
5 0.5197628458498024 0.1943127962085308 0.05138339920948617 0.07582938388625593
5 0.5955204216073782 0.2251184834123223 0.07378129117259552 0.09004739336492892
5 0.7272727272727273 0.16113744075829384 0.06587615283267458 0.06161137440758294
5 0.16205533596837945 0.15639810426540285 0.05006587615283268 0.05213270142180095
5 0.2977602108036891 0.15521327014218012 0.06851119894598155 0.05924170616113744
4 0.15942028985507248 0.13151658767772512 0.06587615283267458 0.04976303317535545
4 0.4426877470355731 0.19194312796208532 0.057971014492753624 0.05687203791469195
4 0.3399209486166008 0.1966824644549763 0.08168642951251648 0.04265402843601896
4 0.5968379446640316 0.17772511848341233 0.08695652173913043 0.05687203791469195
4 0.7160737812911726 0.1042654028436019 0.07246376811594203 0.07582938388625593
3 0.10276679841897234 0.4751184834123223 0.1238471673254282 0.11611374407582939
3 0.20553359683794467 0.4786729857819906 0.09749670619235837 0.05687203791469195
3 0.2760210803689065 0.6315165876777251 0.05928853754940712 0.11611374407582939
3 0.41238471673254284 0.6267772511848342 0.07641633728590251 0.09241706161137442
3 0.5059288537549407 0.571090047393365 0.057971014492753624 0.1137440758293839
3 0.668642951251647 0.6172985781990522 0.06982872200263505 0.13507109004739337
3 0.7898550724637682 0.5189573459715641 0.038208168642951255 0.11848341232227488
1 0.1396574440052701 0.5248815165876778 0.1870882740447958 0.9123222748815166
1 0.28326745718050067 0.4123222748815166 0.10013175230566536 0.6872037914691944
1 0.347167325428195 0.571090047393365 0.15942028985507248 0.7819905213270143
1 0.43610013175230566 0.5272511848341233 0.11857707509881424 0.9028436018957346
1 0.5072463768115942 0.3187203791469195 0.08959156785243742 0.537914691943128
1 0.6054018445322793 0.5485781990521328 0.13570487483530963 0.9028436018957346
1 0.7542819499341239 0.5106635071090048 0.18313570487483533 0.9786729857819906