2 0.1700404858299595 0.133 0.11740890688259109 0.07
2 0.3491902834008097 0.125 0.10728744939271255 0.074
2 0.5951417004048583 0.111 0.09716599190283401 0.07
2 0.8623481781376519 0.13 0.10931174089068826 0.084
3 0.07894736842105263 0.603 0.11740890688259109 0.14200000000000002
3 0.3026315789473684 0.562 0.06680161943319839 0.12
3 0.4564777327935223 0.47200000000000003 0.06275303643724696 0.088
3 0.7226720647773279 0.599 0.11336032388663968 0.11
3 0.9352226720647774 0.622 0.08906882591093118 0.10400000000000001
1 0.17206477732793524 0.47800000000000004 0.2874493927125506 0.9400000000000001
1 0.35627530364372473 0.397 0.19433198380566802 0.73
1 0.5870445344129555 0.41600000000000004 0.23481781376518218 0.724
1 0.8653846153846154 0.494 0.2408906882591093 0.896