5 0.4395833333333334 0.3555555555555555 0.07583333333333334 0.07111111111111111
5 0.3191666666666667 0.3748148148148148 0.08833333333333333 0.08592592592592592
5 0.7291666666666667 0.3948148148148148 0.07500000000000001 0.08444444444444445
4 0.72875 0.3562962962962963 0.07583333333333334 0.08444444444444445
4 0.44583333333333336 0.3207407407407407 0.07166666666666667 0.06962962962962962
3 0.21958333333333335 0.542962962962963 0.0475 0.10518518518518517
3 0.28750000000000003 0.5511111111111111 0.05166666666666667 0.12148148148148148
3 0.35833333333333334 0.5422222222222222 0.04 0.14222222222222222
3 0.40166666666666667 0.5037037037037037 0.06166666666666667 0.07111111111111111
3 0.6891666666666667 0.5844444444444444 0.07 0.0962962962962963
1 0.27666666666666667 0.4918518518518518 0.21166666666666667 0.5599999999999999
1 0.4241666666666667 0.48 0.17666666666666667 0.5718518518518518
1 0.7091666666666667 0.5755555555555555 0.23 0.6622222222222222