5 0.34550000000000003 0.37181409295352325 0.101 0.13493253373313344
5 0.5695 0.4265367316341829 0.101 0.08545727136431784
5 0.739 0.4002998500749625 0.084 0.09295352323838081
5 0.842 0.3995502248875562 0.07 0.09745127436281859
3 0.0675 0.22713643178410794 0.095 0.1934032983508246
3 0.591 0.5817091454272864 0.098 0.22788605697151423
3 0.729 0.5 0.082 0.20239880059970014
3 0.852 0.5037481259370314 0.114 0.1649175412293853
1 0.267 0.5757121439280359 0.444 0.8275862068965517
1 0.5605 0.6461769115442278 0.273 0.704647676161919
1 0.7465 0.5869565217391304 0.185 0.8260869565217391
1 0.898 0.6529235382308846 0.192 0.6941529235382309