5 0.8169811320754716 0.2998046875 0.10817610062893081 0.06640625
5 0.5556603773584905 0.2900390625 0.062264150943396226 0.037109375
5 0.42578616352201254 0.272216796875 0.04150943396226415 0.02392578125
5 0.24559748427672956 0.2529296875 0.03962264150943396 0.0302734375
2 0.8273584905660377 0.279296875 0.09999999999999999 0.15234375
2 0.5449685534591194 0.29345703125 0.12767295597484277 0.109375
2 0.4185534591194968 0.272705078125 0.09496855345911949 0.11669921875
2 0.2292452830188679 0.09228515625 0.062264150943396226 0.1318359375
3 0.44088050314465405 0.64794921875 0.05534591194968553 0.0615234375
3 0.6833333333333333 0.623779296875 0.05597484276729559 0.07177734375
3 0.25062893081761006 0.603515625 0.06352201257861635 0.0634765625
3 0.6845911949685535 0.482421875 0.06352201257861635 0.0595703125
3 0.7874213836477987 0.480224609375 0.033962264150943396 0.02880859375