5 0.13525390625 0.189708617482951 0.0693359375 0.07687538747675139
5 0.561279296875 0.20954742715437072 0.06201171875 0.07563546187228766
5 0.810546875 0.15902045877247364 0.072265625 0.08369497830130192
2 0.560546875 0.19094854308741474 0.0810546875 0.12399256044637322
2 0.802734375 0.13298202107873527 0.0947265625 0.13825170489770613
2 0.35888671875 0.25852448853068816 0.0751953125 0.07191568505889646
3 0.692138671875 0.30626162430254183 0.04833984375 0.059516429014259145
3 0.651123046875 0.33075015499070054 0.06689453125 0.07997520148791072
3 0.5029296875 0.40514569125852445 0.0732421875 0.08493490390576565
3 0.376220703125 0.3781773093614383 0.07666015625 0.08307501549907005
3 0.3466796875 0.30533168009919404 0.0830078125 0.08369497830130192