5 0.06708333333333334 0.19062500000000002 0.03916666666666667 0.03625
5 0.1 0.184375 0.025 0.02375
5 0.14875000000000002 0.17875 0.0425 0.0425
5 0.22583333333333336 0.1825 0.045000000000000005 0.045
5 0.305 0.173125 0.05666666666666667 0.058750000000000004
5 0.4058333333333334 0.1325 0.045000000000000005 0.0425
5 0.5195833333333334 0.20750000000000002 0.0625 0.0625
5 0.6362500000000001 0.21125 0.0475 0.0775
5 0.7170833333333334 0.17125 0.052500000000000005 0.055
5 0.8566666666666667 0.181875 0.07333333333333333 0.10125
3 0.8629166666666668 0.61875 0.07916666666666668 0.11750000000000001
3 0.7845833333333334 0.570625 0.052500000000000005 0.11375
3 0.6558333333333334 0.57375 0.065 0.1
3 0.5729166666666667 0.543125 0.04416666666666667 0.09125
3 0.5416666666666667 0.49 0.07500000000000001 0.0925
3 0.45375000000000004 0.47000000000000003 0.07916666666666668 0.09
3 0.37083333333333335 0.41375 0.06333333333333334 0.0775
3 0.27 0.43062500000000004 0.07 0.07125000000000001
3 0.19208333333333336 0.385 0.0325 0.11750000000000001
3 0.13291666666666668 0.3975 0.035833333333333335 0.055
1 0.8879166666666667 0.516875 0.20583333333333334 0.93625
1 0.7520833333333334 0.466875 0.15916666666666668 0.87875
1 0.6291666666666667 0.43 0.14 0.7225
1 0.5254166666666668 0.3925 0.14250000000000002 0.775
1 0.4241666666666667 0.43625 0.115 0.7825
1 0.33875 0.4025 0.14916666666666667 0.6675
1 0.24958333333333335 0.39625 0.1525 0.645
1 0.1875 0.3675 0.12833333333333335 0.5725
1 0.11708333333333334 0.335 0.07250000000000001 0.51
1 0.065 0.339375 0.06666666666666667 0.52625