5 0.486875 0.33002481389578164 0.05375 0.08436724565756824
5 0.635 0.2903225806451613 0.0325 0.07444168734491315
5 0.195 0.3188585607940447 0.0375 0.052109181141439205
5 0.0475 0.2679900744416873 0.0375 0.04962779156327543
5 0.120625 0.2196029776674938 0.02625 0.04218362282878412
5 0.150625 0.24317617866004962 0.02125 0.024813895781637715
5 0.73625 0.29652605459057074 0.0225 0.03225806451612903
5 0.69125 0.2655086848635236 0.015 0.02977667493796526
5 0.841875 0.34739454094292804 0.02875 0.05459057071960298
5 0.9575 0.46898263027295284 0.04 0.08436724565756824
5 0.426875 0.23200992555831265 0.03875 0.04218362282878412
2 0.633125 0.27543424317617865 0.06125 0.14392059553349876
2 0.1975 0.3076923076923077 0.055 0.12406947890818859
1 0.18937500000000002 0.6066997518610422 0.19375 0.7816377171215881
1 0.62875 0.5607940446650124 0.1625 0.7841191066997518