5 0.5455 0.24916666666666668 0.07100000000000001 0.085
5 0.9075 0.3791666666666667 0.055 0.055
4 0.4165 0.2833333333333333 0.081 0.09666666666666668
4 0.5315 0.21333333333333335 0.099 0.04666666666666667
4 0.757 0.29333333333333333 0.078 0.03666666666666667
4 0.885 0.34750000000000003 0.11 0.05166666666666667
4 0.2565 0.26 0.073 0.08333333333333334
4 0.0775 0.26833333333333337 0.109 0.06666666666666667
3 0.1455 0.67 0.045 0.14
3 0.28150000000000003 0.6683333333333333 0.085 0.09333333333333334
3 0.4645 0.5483333333333333 0.099 0.1366666666666667
1 0.0825 0.5466666666666667 0.159 0.7333333333333334
1 0.213 0.61 0.14 0.77
1 0.2765 0.5516666666666667 0.139 0.7733333333333334
1 0.41500000000000004 0.5791666666666667 0.168 0.7683333333333334
1 0.559 0.5258333333333334 0.20400000000000001 0.795
1 0.793 0.5825 0.156 0.8116666666666668
1 0.9165 0.6175 0.163 0.7516666666666667