5 0.222 0.20914542728635682 0.048 0.07646176911544228
5 0.4595 0.25487256371814093 0.075 0.03298350824587706
5 0.5585 0.22788605697151423 0.075 0.10194902548725637
5 0.838 0.2383808095952024 0.08600000000000001 0.08095952023988005
3 0.1555 0.5194902548725637 0.051000000000000004 0.08245877061469264
3 0.3195 0.5307346326836582 0.085 0.12893553223388304
3 0.62 0.5809595202398801 0.056 0.10644677661169415
3 0.4845 0.5982008995502248 0.081 0.14692653673163417
3 0.7725 0.5134932533733133 0.08700000000000001 0.10944527736131934
3 0.907 0.5067466266866567 0.048 0.08095952023988005
1 0.253 0.5082458770614693 0.22 0.8395802098950524
1 0.443 0.3995502248875562 0.162 0.6431784107946027
1 0.552 0.5464767616191903 0.21 0.9070464767616192
1 0.8545 0.4872563718140929 0.20700000000000002 0.8245877061469266