5 0.34 0.469375 0.16333333333333333 0.10375000000000001
5 0.5487500000000001 0.378125 0.13416666666666668 0.09875
5 0.7983333333333333 0.410625 0.115 0.11375
5 0.5 0.715 0.125 0.1625
4 0.5070833333333333 0.608125 0.20750000000000002 0.13375
4 0.555 0.293125 0.16 0.16375
4 0.8129166666666667 0.330625 0.22583333333333336 0.14125000000000001
4 0.3425 0.41250000000000003 0.17666666666666667 0.16
1 0.2329166666666667 0.435625 0.33916666666666667 0.54875
1 0.4758333333333334 0.6575 0.2816666666666667 0.44
1 0.5004166666666667 0.43375 0.3791666666666667 0.7175
1 0.83125 0.364375 0.3375 0.59375