5 0.37583333333333335 0.439375 0.07500000000000001 0.07375
5 0.63375 0.39375 0.050833333333333335 0.10250000000000001
5 0.9266666666666667 0.388125 0.07833333333333334 0.06625
3 0.27958333333333335 0.38 0.060833333333333336 0.08750000000000001
3 0.34458333333333335 0.588125 0.10083333333333334 0.06625
3 0.6020833333333334 0.59 0.04916666666666667 0.1525
3 0.7008333333333334 0.59875 0.04833333333333334 0.115
3 0.94625 0.618125 0.07250000000000001 0.12625
1 0.26625000000000004 0.37875000000000003 0.20750000000000002 0.4175
1 0.3866666666666667 0.5650000000000001 0.18333333333333335 0.535
1 0.6770833333333334 0.5750000000000001 0.28250000000000003 0.515
1 0.8954166666666667 0.4975 0.20916666666666667 0.4175