5 0.2627551020408163 0.3076923076923077 0.08673469387755102 0.17582417582417584
5 0.461734693877551 0.3076923076923077 0.07142857142857142 0.1208791208791209
5 0.6964285714285714 0.37912087912087916 0.04591836734693877 0.08791208791208792
5 0.9132653061224489 0.42032967032967034 0.07142857142857142 0.09340659340659341
4 0.46811224489795916 0.26373626373626374 0.07908163265306122 0.07692307692307693
4 0.9107142857142856 0.3763736263736264 0.08673469387755102 0.1043956043956044
2 0.46428571428571425 0.271978021978022 0.12244897959183673 0.30219780219780223
2 0.9183673469387754 0.37362637362637363 0.1020408163265306 0.26373626373626374
3 0.3711734693877551 0.5384615384615385 0.1607142857142857 0.2197802197802198
3 0.45153061224489793 0.6098901098901099 0.1020408163265306 0.16483516483516486
3 0.4783163265306122 0.7142857142857143 0.08418367346938775 0.17582417582417584
1 0.2002551020408163 0.4972527472527473 0.4005102040816326 0.9945054945054946
1 0.46556122448979587 0.5494505494505495 0.211734693877551 0.8791208791208792
1 0.7461734693877551 0.554945054945055 0.5076530612244897 0.8791208791208792
1 0.9362244897959183 0.45054945054945056 0.12755102040816327 0.45054945054945056