3 0.755 0.88 0.07666666666666667 0.125
3 0.33166666666666667 0.61625 0.11 0.17250000000000001
3 0.5108333333333334 0.4175 0.058333333333333334 0.105
3 0.7775000000000001 0.26125 0.058333333333333334 0.0975
3 0.7275 0.3025 0.03166666666666667 0.085
3 0.5941666666666667 0.26 0.045000000000000005 0.075
3 0.6308333333333334 0.31875000000000003 0.03833333333333334 0.0375
5 0.5950000000000001 0.76375 0.08666666666666667 0.0925
5 0.17416666666666666 0.1225 0.11166666666666668 0.14
5 0.4008333333333334 0.18875 0.08166666666666667 0.0925
5 0.6241666666666668 0.165 0.04833333333333334 0.055
5 0.7625000000000001 0.1325 0.05166666666666667 0.065
5 0.5816666666666667 0.46375 0.05 0.0775
2 0.4041666666666667 0.15625 0.14500000000000002 0.1775
2 0.7658333333333334 0.08625000000000001 0.10166666666666667 0.1625
2 0.6241666666666668 0.16 0.07833333333333334 0.125
1 0.14333333333333334 0.5825 0.2866666666666667 0.8150000000000001
1 0.36583333333333334 0.605 0.23833333333333334 0.79
1 0.6166666666666667 0.8825000000000001 0.37000000000000005 0.23
1 0.7833333333333334 0.39625 0.18333333333333335 0.4875
1 0.6125 0.25875 0.17500000000000002 0.1325