4 0.26958333333333334 0.23625000000000002 0.09250000000000001 0.0375
4 0.48625 0.2215625 0.09416666666666668 0.028125
4 0.7308333333333333 0.2203125 0.09833333333333334 0.033125
5 0.26708333333333334 0.254375 0.060833333333333336 0.025
5 0.49583333333333335 0.2553125 0.07666666666666667 0.048125
5 0.7283333333333334 0.2434375 0.06666666666666667 0.035625000000000004
2 0.26583333333333337 0.240625 0.14166666666666666 0.10875
2 0.48958333333333337 0.2396875 0.1375 0.104375
2 0.7345833333333334 0.2334375 0.15916666666666668 0.113125
3 0.16208333333333336 0.2975 0.12083333333333333 0.07
3 0.36500000000000005 0.3303125 0.12666666666666668 0.050625
3 0.6116666666666667 0.3203125 0.1 0.094375
1 0.22041666666666668 0.49343750000000003 0.26583333333333337 0.614375
1 0.4854166666666667 0.48812500000000003 0.28250000000000003 0.6475
1 0.7079166666666667 0.5240625 0.3375 0.770625