4 0.11203703703703705 0.21463815789473684 0.05740740740740741 0.044407894736842105
5 0.11296296296296297 0.2763157894736842 0.07777777777777778 0.09539473684210525
3 0.030555555555555558 0.8453947368421052 0.05185185185185186 0.11513157894736842
3 0.2 0.7894736842105263 0.037037037037037035 0.11842105263157894
3 0.3615740740740741 0.9021381578947368 0.058333333333333334 0.10032894736842105
3 0.5388888888888889 0.8560855263157894 0.05 0.1332236842105263
3 0.7375 0.8125 0.03981481481481482 0.15460526315789472
3 0.7986111111111112 0.8215460526315789 0.05277777777777778 0.13980263157894737
3 0.9814814814814815 0.819078947368421 0.03333333333333333 0.13486842105263158
4 0.45925925925925926 0.21792763157894735 0.05 0.03782894736842105
5 0.4564814814814815 0.2845394736842105 0.05740740740740741 0.09539473684210525
5 0.6560185185185186 0.28289473684210525 0.04537037037037037 0.08552631578947367
5 0.9347222222222222 0.14638157894736842 0.04537037037037037 0.11513157894736842
5 0.7111111111111111 0.2376644736842105 0.016666666666666666 0.03125
5 0.23981481481481481 0.2113486842105263 0.03333333333333333 0.041118421052631575
1 0.11435185185185186 0.5583881578947368 0.22870370370370371 0.8733552631578947
1 0.39675925925925926 0.5583881578947368 0.21944444444444444 0.8733552631578947
1 0.6236111111111111 0.5476973684210527 0.26944444444444443 0.9013157894736842
1 0.8787037037037038 0.4975328947368421 0.23703703703703705 0.9950657894736842