4 0.6430555555555556 0.30625 0.13611111111111113 0.0875
4 0.8180555555555555 0.29375 0.125 0.10416666666666667
5 0.6361111111111112 0.37083333333333335 0.11111111111111112 0.125
5 0.826388888888889 0.3645833333333333 0.10833333333333334 0.12916666666666665
3 0.6583333333333333 0.60625 0.13333333333333333 0.15416666666666667
3 0.5916666666666667 0.8333333333333334 0.12222222222222223 0.1
3 0.8152777777777778 0.6354166666666666 0.13611111111111113 0.20416666666666666
2 0.6402777777777778 0.3208333333333333 0.16944444444444445 0.2583333333333333
2 0.8291666666666667 0.3125 0.18055555555555555 0.2916666666666667
1 0.5777777777777778 0.5395833333333333 0.3611111111111111 0.9125
1 0.8569444444444445 0.5375 0.28055555555555556 0.9166666666666666