3 0.49062500000000003 0.8 0.19843750000000002 0.3194444444444445
3 0.41953125 0.7041666666666667 0.08281250000000001 0.18611111111111112
3 0.6214843750000001 0.5909722222222222 0.25859375 0.3375
4 0.369921875 0.4847222222222222 0.12734375 0.1527777777777778
4 0.669921875 0.39722222222222225 0.16171875000000002 0.14722222222222223
5 0.38515625000000003 0.5284722222222222 0.078125 0.12083333333333333
5 0.677734375 0.45069444444444445 0.12265625000000001 0.1375
2 0.35976562500000003 0.5402777777777777 0.20234375000000002 0.45
1 0.33671875 0.5895833333333333 0.209375 0.8208333333333334
1 0.5703125 0.5548611111111111 0.359375 0.8902777777777778
1 0.7468750000000001 0.5208333333333334 0.325 0.9583333333333334