5 0.21000000000000002 0.4629166666666667 0.11666666666666667 0.10583333333333333
5 0.5012500000000001 0.4441666666666667 0.14583333333333334 0.08333333333333334
5 0.92 0.4416666666666667 0.10333333333333335 0.07833333333333334
3 0.4475 0.7133333333333334 0.12333333333333334 0.07500000000000001
3 0.26833333333333337 0.7645833333333334 0.058333333333333334 0.020833333333333336
3 0.335 0.7966666666666667 0.09666666666666668 0.08
3 0.6320833333333333 0.65625 0.09416666666666668 0.07583333333333334
3 0.7275 0.685 0.125 0.10166666666666667
1 0.165 0.7095833333333333 0.32833333333333337 0.5658333333333334
1 0.87375 0.5354166666666667 0.23583333333333334 0.21250000000000002
4 0.8708333333333333 0.3875 0.15000000000000002 0.06833333333333334