3 0.19293111211166142 0.6203481392557022 0.0679873930661864 0.09063625450180071
3 0.2674470959027465 0.8979591836734693 0.07744259342638452 0.11164465786314524
3 0.5117064385411977 0.6011404561824729 0.08869878433138226 0.09183673469387754
3 0.8223773075191355 0.4231692677070828 0.04277352543899145 0.05642256902761104
3 0.8714542998649257 0.4153661464585834 0.06618640252138676 0.08043217286914765
5 0.7035119315623592 0.19867947178871548 0.053579468707789284 0.08283313325330131
5 0.09882935614588023 0.26500600240096034 0.0904997748761819 0.08823529411764705
5 0.4245835209365151 0.3577430972388955 0.10625844214317874 0.09363745498199279
5 0.9162539396668168 0.22869147659063624 0.06393516434038721 0.05642256902761104
1 0.15893741557856822 0.5384153661464586 0.30886987843313823 0.921968787515006
1 0.4725348941918055 0.5684273709483794 0.4074741107609185 0.8487394957983193
1 0.704637550652859 0.47659063625450176 0.2530391715443494 0.8475390156062425
1 0.8836109860423232 0.5345138055222088 0.2219720846465556 0.9117647058823529