4 0.20650887573964496 0.20227272727272727 0.07218934911242604 0.05909090909090909
4 0.37810650887573966 0.09886363636363636 0.05798816568047337 0.04772727272727272
4 0.5994082840236686 0.13068181818181818 0.0485207100591716 0.04318181818181818
4 0.8994082840236687 0.12613636363636363 0.028402366863905328 0.056818181818181816
5 0.20414201183431954 0.25795454545454544 0.0650887573964497 0.07954545454545454
5 0.3763313609467456 0.16022727272727272 0.05207100591715976 0.08409090909090909
5 0.5976331360946746 0.17613636363636362 0.05207100591715976 0.075
5 0.8964497041420119 0.20568181818181816 0.036686390532544376 0.09318181818181817
3 0.07396449704142012 0.8897727272727273 0.039053254437869826 0.18409090909090908
3 0.3118343195266272 0.8943181818181818 0.046153846153846156 0.19318181818181818
3 0.4301775147928994 0.5011363636363636 0.04378698224852071 0.10681818181818181
3 0.6023668639053255 0.3931818181818182 0.07337278106508875 0.09090909090909091
3 0.9573964497041421 0.7454545454545454 0.056804733727810655 0.07272727272727272
3 0.6970414201183432 0.9375 0.056804733727810655 0.12045454545454545
1 0.20059171597633135 0.525 0.285207100591716 0.9409090909090909
1 0.37514792899408284 0.5 0.2106508875739645 0.9954545454545454
1 0.570414201183432 0.5045454545454545 0.19644970414201185 0.9772727272727272
1 0.8248520710059172 0.49886363636363634 0.3337278106508876 0.9886363636363635