5 0.14083333333333334 0.18 0.03833333333333334 0.04
2 0.13583333333333333 0.17625 0.058333333333333334 0.08750000000000001
2 0.2025 0.1925 0.07833333333333334 0.145
2 0.36833333333333335 0.21125 0.07666666666666667 0.11750000000000001
2 0.5233333333333333 0.2125 0.06666666666666667 0.14
2 0.7575000000000001 0.21125 0.08166666666666667 0.1525
5 0.20583333333333334 0.19375 0.045000000000000005 0.0625
5 0.3691666666666667 0.2225 0.04166666666666667 0.065
5 0.5216666666666667 0.20125 0.030000000000000002 0.0425
5 0.7508333333333334 0.21125 0.035 0.0475
3 0.06916666666666667 0.3775 0.03833333333333334 0.05
3 0.10916666666666668 0.23750000000000002 0.035 0.1
3 0.2808333333333333 0.5225 0.03833333333333334 0.13
3 0.35500000000000004 0.4375 0.043333333333333335 0.06
3 0.3825 0.47125 0.045000000000000005 0.0575
3 0.5266666666666667 0.31 0.06666666666666667 0.085
3 0.6341666666666667 0.49 0.035 0.09
3 0.45083333333333336 0.47000000000000003 0.035 0.07
3 0.7508333333333334 0.28375 0.035 0.10250000000000001
1 0.17916666666666667 0.515 0.21833333333333335 0.87
1 0.10250000000000001 0.22375 0.12833333333333335 0.2925
1 0.3716666666666667 0.52875 0.16666666666666669 0.8275
1 0.55 0.51375 0.19333333333333336 0.8375
1 0.7350000000000001 0.5225 0.21000000000000002 0.8250000000000001