3 0.11265618702136236 0.32713125845737484 0.05441354292623942 0.12381596752368065
3 0.24647319629181783 0.6363328822733424 0.03829101168883515 0.10081190798376184
3 0.30874647319629184 0.34303112313937756 0.05078597339782346 0.11637347767253045
3 0.4238210399032648 0.6363328822733424 0.026199113260781944 0.13599458728010827
3 0.5046352277307538 0.3623139377537213 0.05239822652156389 0.10487144790257105
3 0.622329705763805 0.6647496617050068 0.03143893591293833 0.13870094722598106
3 0.6541717049576784 0.4228687415426252 0.04433696090286175 0.11231393775372125
3 0.7916162837565498 0.7300405953991882 0.039500201531640466 0.08525033829499325
5 0.14993954050785974 0.199255751014885 0.05401047964530432 0.08863328822733424
5 0.3544941555824265 0.25304465493910694 0.06005642885933092 0.07307171853856563
5 0.5517936316001613 0.25642760487144795 0.05401047964530432 0.07442489851150204
5 0.7372027408303103 0.2831529093369418 0.06852075775896817 0.07916102841677944
2 0.14893188230552198 0.1765899864682003 0.09794437726723096 0.1880920162381597
2 0.3524788391777509 0.22598105548037892 0.09149536477226924 0.15832205683355888
2 0.5511890366787586 0.2493234100135318 0.09068923821039904 0.13870094722598106
2 0.7376058041112455 0.26962110960757785 0.09351068117694479 0.16441136671177267
1 0.14993954050785974 0.5284167794316644 0.2426440951229343 0.9431664411366713
1 0.34582829504232165 0.5483761840324763 0.18863361547763 0.9032476319350474
1 0.5421201128577187 0.5548037889039242 0.20153164046755342 0.8903924221921516
1 0.7186618299072954 0.5693504736129905 0.21523579201934703 0.861299052774019