5 0.34125 0.45687500000000003 0.03416666666666667 0.04125
2 0.34625 0.453125 0.07416666666666667 0.10875
3 0.27666666666666667 0.77 0.03666666666666667 0.085
3 0.40375000000000005 0.774375 0.03416666666666667 0.08125
3 0.5645833333333333 0.538125 0.0175 0.02875
3 0.6370833333333333 0.5475 0.0125 0.0275
3 0.7545833333333334 0.46187500000000004 0.010833333333333334 0.01625
5 0.6020833333333334 0.39437500000000003 0.01916666666666667 0.02875
5 0.73375 0.36312500000000003 0.010833333333333334 0.01875
2 0.6041666666666667 0.38625 0.03333333333333333 0.06
2 0.7354166666666667 0.359375 0.03416666666666667 0.03625
1 0.34750000000000003 0.6825 0.18333333333333335 0.62
1 0.6029166666666667 0.525625 0.09416666666666668 0.35625
1 0.7341666666666667 0.445 0.05333333333333334 0.2225