3 0.30444444444444446 0.9387351778656126 0.14888888888888888 0.11857707509881422
3 0.2961111111111111 0.8537549407114624 0.15 0.1541501976284585
3 0.5633333333333334 0.8162055335968379 0.12666666666666668 0.25296442687747034
3 0.47833333333333333 0.8181818181818181 0.06555555555555556 0.20948616600790512
4 0.28444444444444444 0.3537549407114624 0.15777777777777777 0.11462450592885375
4 0.5238888888888888 0.3191699604743083 0.15888888888888889 0.1126482213438735
5 0.2638888888888889 0.41897233201581024 0.12333333333333334 0.15810276679841895
5 0.535 0.4061264822134387 0.1322222222222222 0.14031620553359683
2 0.275 0.358695652173913 0.18333333333333332 0.341897233201581
2 0.5261111111111111 0.3547430830039525 0.1988888888888889 0.3774703557312253
1 0.23333333333333334 0.5118577075098814 0.4066666666666667 0.9644268774703557
1 0.605 0.5019762845849802 0.37444444444444447 0.9802371541501975