5 0.08978397839783978 0.6700659868026394 0.14086408640864087 0.15476904619076184
5 0.2797029702970297 0.35452909418116374 0.09045904590459046 0.10437912417516496
5 0.6458145814581457 0.38572285542891416 0.14401440144014402 0.16436712657468505
5 0.9624212421242124 0.36532693461307736 0.07515751575157516 0.14757048590281943
2 0.11588658865886588 0.6115776844631073 0.22997299729972998 0.36172765446910615
2 0.2815031503150315 0.3254349130173965 0.2623762376237624 0.2525494901019796
2 0.630963096309631 0.3341331733653269 0.29432943294329433 0.3167366526694661
2 0.9187668766876688 0.3386322735452909 0.16246624662466247 0.3293341331733653
1 0.243024302430243 0.6070785842831433 0.4779477947794779 0.7858428314337131
1 0.26777677767776775 0.35722855428914213 0.2772277227722772 0.5188962207558487
1 0.6748424842484249 0.5293941211757648 0.5828082808280828 0.9412117576484702
1 0.862061206120612 0.4763047390521895 0.27587758775877586 0.8410317936412717