5 0.2004166666666667 0.2627777777777778 0.050833333333333335 0.06777777777777778
5 0.5820833333333334 0.3416666666666667 0.04083333333333333 0.052222222222222225
5 0.68 0.3561111111111111 0.04833333333333334 0.04777777777777778
5 0.8075000000000001 0.3011111111111111 0.04166666666666667 0.04888888888888889
3 0.11625 0.6144444444444445 0.03916666666666667 0.10222222222222223
3 0.3104166666666667 0.6105555555555555 0.0275 0.08777777777777777
3 0.5129166666666667 0.6416666666666667 0.029166666666666667 0.06777777777777778
3 0.68625 0.6427777777777778 0.03416666666666667 0.056666666666666664
3 0.7304166666666667 0.6294444444444445 0.030833333333333334 0.0811111111111111
3 0.8783333333333334 0.6327777777777778 0.03666666666666667 0.052222222222222225
5 0.49125 0.39944444444444444 0.03916666666666667 0.03888888888888889
1 0.21166666666666667 0.5738888888888889 0.22666666666666668 0.8433333333333334
1 0.5908333333333333 0.6111111111111112 0.20333333333333334 0.7266666666666667
1 0.6883333333333334 0.37444444444444447 0.1 0.21777777777777776
1 0.81125 0.5872222222222222 0.1975 0.7588888888888888